1 47.17 128.78
2 51.79 125.59
3 21.11 106.0
4 5.86 132.47
5 65.08 94.73
6 89.42 114.98
7 89.36 95.27
8 3.77 126.08
9 22.11 97.09
10 47.62 134.17
11 69.17 126.34
12 22.39 141.71
13 34.56 93.59
14 88.57 138.16
15 77.64 86.09
16 23.29 144.87
17 55.85 102.87
18 54.61 120.22
19 39.92 138.03
20 40.15 124.12
21 43.62 97.81
22 66.05 102.85
23 74.08 107.64
24 64.56 132.95
25 35.36 159.23
26 38.6 85.4
27 1.31 88.75
28 58.23 98.49
29 62.14 124.73
30 87.64 94.99
31 39.11 99.1
32 36.82 101.18
33 24.68 147.85
34 58.25 126.77
35 27.45 158.79
36 16.88 153.44
37 74.31 142.7
38 28.5 110.94
39 6.49 121.49
40 80.4 94.66
41 71.55 88.25
42 36.25 158.74
43 18.92 103.93
44 6.48 116.49
45 62.32 119.57
46 52.96 158.15
47 46.91 158.15
48 7.0 136.4
49 36.89 119.36
50 47.93 140.23
51 54.74 87.84
52 86.89 88.37
53 41.67 146.15
54 79.63 138.97
55 81.9 156.65
56 56.36 127.54
57 6.6 142.44
58 5.85 144.79
59 20.7 146.61
60 4.99 91.27
61 3.58 111.12
62 81.35 87.66
63 73.13 142.87
64 72.4 153.25
65 2.69 148.06
66 55.92 135.95
67 16.12 125.3
68 26.4 99.16
69 20.69 125.2
70 16.21 148.41
71 84.79 89.61
72 44.82 126.67
73 27.42 135.33
74 53.11 135.72
75 87.44 157.31
76 79.57 120.38
77 26.66 95.04
78 18.18 102.67
79 39.83 145.4
80 28.52 160.0
81 59.96 109.33
82 41.74 138.02
83 6.27 118.32
84 21.25 142.29
85 41.59 110.52
86 54.99 127.68
87 62.48 117.17
88 55.44 125.89
89 24.56 153.82
90 35.85 136.18
91 31.06 105.21
92 75.68 136.92
93 71.0 103.82
94 38.34 81.85
95 5.49 83.48
96 4.64 158.72
97 18.49 89.2
98 51.11 146.01
99 51.15 108.63
100 48.69 91.76
101 68.39 134.95
102 67.49 134.64
103 49.7 152.69
104 34.69 97.82
105 55.38 113.72
106 17.26 141.93
107 5.06 93.78
108 4.68 106.96
109 61.88 80.42
110 30.48 126.54
111 75.67 114.25
112 32.68 149.79
113 55.07 156.46
114 22.18 93.66
115 2.98 133.47
116 25.64 113.75
117 45.94 117.84
118 7.73 151.27
119 74.36 123.62
120 33.9 84.76
121 84.92 92.76
122 44.44 157.72
123 36.17 98.64
124 55.37 137.48
125 50.18 151.78
126 35.66 137.03
127 0.05 96.33
128 18.97 87.69
129 32.85 93.84
130 67.48 124.12
131 53.1 97.37
132 7.32 105.91
133 23.09 117.73
134 20.56 97.73
135 63.21 147.86
136 65.36 88.11
137 11.18 87.43
138 30.4 84.93
139 69.82 112.08
140 4.89 149.8
141 70.87 137.2
142 51.66 94.6
143 55.03 128.77
144 71.12 106.86
145 23.4 142.2
146 13.42 142.82
147 16.92 131.9
148 66.0 122.74
149 59.23 120.02
150 87.95 105.61
151 2.07 156.81
152 6.94 86.06
153 26.6 155.91
154 12.86 128.01
155 10.81 122.86
156 82.32 134.47
157 76.15 119.73
158 75.27 116.27
159 25.84 93.08
160 78.92 125.87
161 79.1 105.71
162 30.81 110.77
163 79.07 131.89
164 80.07 80.53
165 56.3 94.68
166 4.59 92.21
167 16.58 83.47
168 59.93 146.21
169 4.19 139.25
170 65.27 116.52
171 87.09 129.04
172 18.6 147.18
173 32.46 123.64
174 88.16 89.58
175 27.8 149.24
176 58.6 117.93
177 80.72 153.76
178 49.75 88.41
179 27.18 111.32
180 81.89 159.57
181 45.39 125.71
182 2.94 87.62
183 17.38 113.88
184 31.83 116.19
185 30.83 100.15
186 58.5 143.19
187 35.76 157.05
188 88.02 107.56
189 36.78 134.53
190 21.29 110.69
191 33.73 92.59
192 31.15 125.92
193 34.58 102.9
194 40.65 120.12
195 66.89 83.37
196 28.27 151.65
197 29.7 82.74
198 10.0 93.5
199 16.4 152.55
200 42.04 137.1
