,Unnamed: 0.1,Unnamed: 0,bia_di,bii_di,bit_di,che_de,che_di,elb_di,wri_di,kne_di,ank_di,sho_gi,che_gi,wai_gi,nav_gi,hip_gi,thi_gi,bic_gi,for_gi,kne_gi,cal_gi,ank_gi,wri_gi,age,wgt,hgt,sex
0,51,366,32.8,26.2,26.3,16.1,23.6,10.6,9.2,16.4,11.7,85.9,74.5,61.0,65.3,84.5,51.5,22.4,19.6,30.4,28.4,17.4,13.2,21,45.0,160.0,0
1,130,307,40.3,29.2,32.9,16.5,26.4,13.0,9.4,18.6,12.9,101.1,86.8,69.8,76.5,93.7,55.7,25.4,23.4,35.9,34.2,21.5,15.1,23,60.3,164.5,0
2,100,417,36.0,30.2,32.9,18.7,27.8,12.4,9.6,18.4,14.2,100.8,91.0,69.3,85.9,93.2,55.4,29.7,24.1,34.8,34.6,21.5,14.6,35,58.6,162.6,0
3,283,234,39.4,26.6,31.7,24.0,31.1,13.8,11.8,20.0,15.8,113.2,104.9,90.1,90.8,96.6,55.0,32.9,26.5,35.6,37.9,22.5,17.8,55,74.1,167.6,1
4,298,108,41.7,28.0,32.9,19.4,29.7,14.6,11.0,19.5,15.3,112.8,97.0,81.1,88.2,93.9,53.5,33.7,28.6,35.0,37.3,23.1,16.7,23,72.7,170.2,1
5,90,279,35.6,27.9,32.0,15.6,23.9,11.9,9.6,18.2,12.7,98.1,80.2,63.1,78.9,93.9,57.1,26.4,23.1,35.0,35.0,20.1,14.9,20,55.0,162.0,0
6,473,4,44.3,29.9,34.0,18.4,28.2,13.9,11.2,20.9,15.0,104.5,97.0,77.8,78.8,94.0,53.0,31.0,26.2,37.0,34.8,23.0,16.6,23,72.6,186.5,1
7,476,175,42.7,28.5,36.7,23.7,30.8,15.8,12.9,19.3,16.0,123.0,107.4,87.6,89.4,106.7,60.9,38.3,31.2,39.0,42.6,25.8,18.8,29,91.8,186.7,1
8,418,233,41.7,26.6,31.5,19.9,29.9,14.6,11.2,19.2,14.8,112.3,95.7,82.9,89.6,94.8,51.9,32.2,25.3,33.4,32.8,21.4,16.3,37,73.6,180.3,1
9,54,262,35.0,26.5,31.6,18.3,23.7,11.5,8.6,16.8,12.2,96.6,76.7,63.4,69.0,87.7,54.0,25.6,21.6,34.4,32.8,19.1,13.8,22,50.0,160.0,0
10,147,305,37.8,26.6,33.1,16.5,27.1,12.4,9.8,18.3,13.0,101.4,85.3,69.5,74.9,94.7,55.7,24.9,22.8,34.9,37.1,20.1,14.9,21,60.0,165.5,0
11,362,24,42.7,29.9,35.0,21.8,32.8,14.3,11.2,19.8,14.1,123.9,101.0,90.6,89.6,101.2,59.5,37.0,28.3,35.4,40.6,22.9,17.0,24,86.4,176.0,1
12,60,473,35.1,26.6,29.2,17.0,24.4,11.8,9.4,17.0,12.2,94.4,82.5,65.6,81.8,92.8,56.2,28.8,24.7,33.0,34.6,21.7,15.8,32,55.4,160.0,0
13,42,394,36.0,27.1,31.4,18.5,24.6,11.9,9.4,15.9,11.9,97.1,78.1,64.0,75.9,95.0,55.9,25.2,23.0,32.3,34.8,20.3,13.4,22,51.8,159.2,0
14,10,468,35.8,26.8,30.4,23.3,25.6,12.4,10.3,17.5,13.0,109.0,96.7,81.5,94.1,94.9,54.8,31.2,25.8,34.4,37.3,21.8,14.6,44,67.3,152.4,0
15,336,76,39.6,27.5,30.2,19.2,28.9,13.5,10.4,19.3,14.2,108.0,94.6,76.1,78.0,86.3,52.4,28.6,23.9,34.5,37.9,22.7,15.8,31,63.9,174.5,1
16,212,330,37.5,27.4,31.2,18.9,26.5,14.0,11.0,19.1,13.5,109.2,88.2,69.0,77.6,96.5,57.6,28.6,25.2,37.0,35.0,22.2,16.2,24,64.8,170.3,0
17,376,102,42.0,28.0,33.0,18.1,28.4,14.3,11.1,20.2,15.2,114.0,88.5,77.0,79.0,93.0,51.7,33.5,27.9,38.4,38.5,22.5,17.5,22,73.2,177.3,1
18,310,18,43.0,26.5,30.3,19.3,30.0,14.8,11.2,19.7,14.7,120.0,93.8,73.6,74.9,90.1,54.1,31.2,26.9,36.4,35.6,22.0,17.1,22,70.0,171.5,1
19,297,140,41.1,23.0,29.4,21.8,30.6,15.0,10.8,19.3,14.5,122.4,109.1,76.1,90.1,93.3,51.7,37.0,30.6,36.8,37.7,23.6,18.5,20,69.1,170.2,1
20,271,131,41.3,26.8,32.2,21.4,31.1,13.6,11.0,19.1,15.0,111.5,104.2,90.9,92.7,100.2,51.8,30.1,26.8,38.1,36.4,23.2,16.3,41,75.0,166.4,1
21,95,329,36.5,26.0,30.7,15.9,26.8,12.1,10.3,17.0,12.4,104.8,84.5,68.8,70.6,94.8,56.5,27.0,23.4,34.4,35.2,21.6,14.6,20,58.2,162.5,0
22,384,147,40.1,28.7,32.2,18.0,29.4,15.2,11.8,20.7,15.4,113.0,94.5,80.0,85.0,95.0,52.0,31.5,26.5,36.9,36.4,22.9,17.0,32,72.0,177.8,1
23,64,398,33.8,28.7,32.9,17.7,23.5,12.6,9.4,18.2,13.2,94.7,86.7,74.7,90.8,100.0,59.4,31.0,23.7,35.7,34.0,20.9,14.2,42,59.5,160.0,0
24,146,474,38.0,33.3,37.8,20.6,28.3,15.0,11.5,22.6,13.8,127.1,106.9,96.2,121.1,128.3,72.3,35.9,30.6,49.0,45.4,24.1,17.8,43,104.1,165.1,0
25,50,381,34.9,26.2,28.5,14.6,23.5,10.4,8.7,16.0,11.1,92.7,74.5,59.5,65.5,78.8,46.3,23.2,20.8,31.6,29.6,18.6,13.8,20,43.2,160.0,0
26,118,333,38.7,23.5,33.0,16.4,27.6,12.6,9.9,17.5,12.6,105.5,85.8,65.8,70.5,89.3,57.4,27.0,23.2,36.8,36.2,22.1,15.8,23,59.8,163.2,0
27,395,242,40.9,25.4,32.0,20.6,30.2,16.1,11.5,19.3,15.8,121.8,103.3,85.0,90.8,97.9,55.2,35.2,29.4,34.9,37.3,23.5,17.3,26,82.7,177.8,1
28,373,87,43.2,26.3,30.5,19.7,30.6,14.4,12.3,20.2,13.6,124.2,106.7,75.2,77.8,94.5,57.4,36.7,29.9,38.1,36.0,22.6,17.3,21,72.5,177.0,1
29,350,192,41.2,29.8,32.2,22.4,29.8,15.6,11.2,19.6,14.8,120.0,108.5,84.2,88.9,97.5,58.8,36.6,29.9,34.2,34.8,22.0,18.1,23,86.4,175.3,1
30,313,23,42.3,26.4,31.2,18.0,30.9,14.6,10.8,18.6,13.8,117.7,99.0,74.5,75.9,92.2,53.4,31.2,26.9,36.2,33.3,23.5,16.0,22,66.2,172.7,1
31,41,254,35.5,26.5,29.2,15.4,24.5,12.3,9.4,17.2,12.0,93.3,77.0,58.0,64.0,85.5,49.5,24.1,22.0,32.5,32.0,19.0,13.9,26,47.6,159.1,0
32,248,256,37.8,29.0,32.6,18.6,25.0,12.1,9.8,17.8,12.7,98.6,85.0,73.5,92.0,104.1,65.3,29.0,23.4,35.3,37.4,21.6,15.2,28,66.8,176.2,0
33,226,359,40.0,31.0,35.8,21.3,33.2,14.1,12.2,24.3,12.9,129.5,108.0,101.5,105.5,114.0,70.0,40.3,30.8,45.6,45.0,25.8,18.2,34,105.2,172.7,0
34,188,469,37.4,29.4,31.7,16.5,25.9,12.2,10.8,19.4,14.3,95.1,80.5,67.4,77.7,95.1,56.3,27.0,24.3,36.2,36.7,23.7,15.9,29,63.0,168.9,0
35,126,331,39.9,20.0,32.4,17.6,31.9,13.6,10.4,18.5,13.4,117.0,99.5,78.0,87.5,103.0,64.8,31.1,26.6,35.2,36.7,21.8,16.2,23,71.6,164.1,0
36,158,386,37.1,25.0,29.3,17.1,28.1,13.0,10.9,17.5,13.0,108.5,88.2,70.0,81.2,96.8,59.8,30.1,25.2,35.8,35.0,21.7,16.0,19,62.2,167.1,0
37,209,272,37.5,29.2,35.1,19.6,27.5,13.1,10.2,20.0,13.1,101.5,91.0,75.0,85.0,103.0,62.0,31.5,26.5,38.2,40.0,23.0,16.0,22,72.8,170.2,0
38,467,182,40.3,28.5,35.1,19.2,32.0,14.8,12.0,21.2,16.2,116.1,99.8,84.5,92.6,99.5,59.2,34.3,29.0,36.5,38.5,24.5,17.3,28,81.8,185.4,1
39,341,157,40.3,27.3,30.4,20.4,29.0,15.0,11.3,19.1,14.6,116.0,99.0,75.0,75.0,90.0,50.6,32.0,27.3,33.8,34.0,22.0,17.0,24,67.7,175.3,1
40,354,70,41.2,26.6,30.6,19.5,28.0,13.1,10.4,19.0,13.8,111.2,91.9,76.2,78.1,90.0,52.0,30.7,25.8,34.8,32.6,21.0,16.1,36,63.2,175.5,1
41,9,405,32.9,26.6,32.2,18.5,25.2,12.0,8.4,19.4,12.0,99.8,88.2,72.9,97.4,102.2,60.1,29.9,24.1,33.8,33.5,21.0,15.1,45,60.4,152.4,0
42,168,480,40.9,28.7,29.2,18.2,27.3,12.9,9.6,16.8,13.4,107.3,93.0,72.3,89.0,92.0,54.7,28.8,23.2,35.0,34.2,20.5,14.8,25,61.4,167.6,0
43,255,354,39.5,29.8,31.5,19.2,25.4,13.0,10.6,19.1,13.4,103.0,85.5,68.0,84.5,99.5,60.8,26.5,24.2,40.5,39.4,23.2,15.8,19,70.6,178.0,0
44,81,430,35.1,25.6,29.9,16.8,24.9,12.6,9.6,18.2,12.5,98.7,82.2,65.8,80.2,89.1,55.4,28.4,22.9,33.6,35.0,19.7,14.8,20,57.3,161.3,0
45,304,71,44.0,28.4,32.0,22.5,29.7,14.9,10.9,21.0,14.8,122.0,105.2,90.2,88.6,100.2,60.8,35.7,29.4,39.2,39.1,24.5,17.9,41,79.1,171.2,1
46,505,80,44.1,29.2,35.3,23.6,30.9,15.8,12.5,20.2,15.2,119.5,106.0,86.0,92.0,103.0,60.6,34.0,29.8,38.8,39.5,23.6,18.0,24,90.9,197.1,1
47,109,407,37.6,30.7,35.6,24.7,32.2,14.0,10.6,21.2,14.5,111.0,104.2,93.4,111.1,109.8,67.7,35.7,28.6,41.5,38.6,22.3,17.3,41,84.5,162.6,0
48,56,291,33.3,24.9,27.8,17.3,23.3,12.8,9.8,17.4,12.9,92.8,84.1,63.2,75.0,86.9,52.1,26.5,23.5,32.3,31.6,18.9,15.0,19,50.2,160.0,0
49,80,365,36.7,23.5,29.5,17.2,28.3,11.5,9.5,16.1,9.9,100.2,88.7,64.2,76.8,88.4,56.0,29.0,23.8,33.9,33.2,20.5,15.0,20,55.2,161.2,0
50,103,501,39.8,27.5,31.5,19.4,29.0,13.1,10.4,17.6,13.8,107.6,97.0,69.6,90.2,98.3,56.3,32.0,25.1,32.3,33.8,20.8,15.9,32,61.4,162.6,0
51,422,45,41.5,30.8,33.3,19.4,30.6,14.8,11.3,20.2,16.0,117.1,103.9,91.7,89.4,101.8,61.0,35.7,29.4,37.7,40.0,22.2,17.9,29,82.6,180.3,1
52,3,318,34.8,26.4,29.8,14.9,25.2,12.2,9.1,18.0,12.4,92.4,77.0,61.6,74.0,89.9,53.6,26.3,23.1,33.3,32.4,19.0,14.2,35,48.7,151.1,0
53,486,177,42.5,31.3,33.1,19.4,32.0,14.8,11.3,20.1,15.5,117.5,103.0,92.1,91.3,103.8,56.6,33.3,27.7,37.1,37.4,22.6,17.1,37,85.9,188.0,1
54,61,404,36.0,28.0,30.4,16.3,26.4,12.2,9.2,17.6,12.8,105.3,87.6,67.7,84.2,92.0,54.3,28.2,23.8,33.0,32.7,18.8,14.7,40,55.9,160.0,0
55,471,159,43.8,30.4,34.9,24.0,33.3,15.4,11.6,17.8,14.6,129.2,111.5,100.5,107.3,109.5,61.8,37.4,31.6,41.0,39.7,25.4,18.4,45,102.3,185.4,1
56,253,271,42.6,31.8,34.8,19.9,30.4,12.5,11.0,21.0,14.2,117.1,95.2,85.0,91.2,111.0,68.0,34.4,28.3,40.1,40.0,24.2,17.6,29,87.8,176.5,0
57,75,377,36.0,25.2,28.4,15.4,26.9,11.2,9.9,16.8,12.1,102.5,89.0,72.4,80.3,89.9,52.6,27.6,23.8,33.2,34.4,21.3,14.6,20,54.4,160.9,0
58,218,416,38.5,30.8,35.1,15.8,27.3,13.1,10.6,18.6,14.2,97.2,83.5,71.2,83.0,96.5,52.4,25.2,21.7,33.7,32.1,21.0,15.0,32,56.6,172.1,0
59,106,467,35.1,29.4,33.1,17.7,27.3,12.8,10.3,18.7,13.6,96.7,91.1,75.8,94.4,103.3,60.5,30.4,24.8,36.8,35.9,21.8,15.5,25,66.4,162.6,0
60,254,423,36.7,29.0,32.0,19.7,25.6,12.4,10.0,18.6,13.0,100.5,86.1,68.3,85.3,96.5,55.1,26.0,22.6,33.9,33.7,21.8,15.0,23,60.0,177.8,0
61,92,390,37.2,26.0,28.5,18.8,25.0,12.3,9.7,18.4,13.0,101.5,83.6,70.5,78.5,91.9,56.8,30.5,24.3,35.8,36.9,20.4,15.7,28,59.2,162.1,0
62,132,306,38.3,30.4,32.2,18.7,26.4,12.4,9.4,18.1,12.7,95.1,84.7,70.5,86.1,94.1,54.6,28.0,23.0,33.5,33.5,20.0,14.6,38,62.0,165.0,0
63,272,129,40.3,30.4,34.2,21.1,34.0,13.6,12.0,19.2,13.8,118.8,108.0,105.2,103.4,108.1,60.5,38.0,30.2,36.9,37.7,21.6,18.3,42,85.9,166.4,1
64,101,412,38.7,30.4,31.3,18.7,26.8,12.4,10.0,19.4,13.6,106.5,89.6,71.6,92.7,95.0,56.8,27.2,24.3,36.2,35.8,20.1,14.6,27,61.4,162.6,0
65,89,313,36.9,28.3,32.0,17.0,25.6,10.9,9.4,17.3,12.6,94.6,83.3,65.0,68.2,91.6,55.3,27.7,23.2,33.0,31.5,18.9,14.1,26,54.7,162.0,0
66,127,355,38.8,26.3,31.5,19.0,25.9,11.6,9.9,18.8,13.1,103.4,88.3,71.0,87.1,98.7,59.2,28.2,23.6,35.6,35.8,20.8,15.5,23,59.8,164.3,0
67,63,452,34.7,24.7,32.0,17.7,25.2,12.8,10.4,18.4,13.8,100.6,87.3,70.4,91.1,96.7,55.6,29.9,23.7,35.3,33.8,23.0,16.3,23,59.0,160.0,0
68,237,315,38.2,30.0,35.5,19.4,26.7,12.6,10.8,19.5,13.6,102.8,92.2,83.0,101.4,108.1,65.0,29.8,24.6,38.1,37.8,20.7,16.6,47,75.7,174.0,0
69,36,383,36.4,27.7,29.8,17.0,25.0,11.2,9.0,16.9,12.2,94.0,80.3,65.0,73.3,84.9,50.8,25.0,22.2,31.6,31.6,18.8,14.2,23,46.4,158.2,0
70,420,28,40.5,28.3,33.4,19.2,28.8,14.6,11.1,20.8,14.5,116.0,88.0,73.5,77.7,97.0,56.3,32.5,27.8,39.0,38.2,23.5,17.8,24,76.4,180.3,1
71,348,216,41.5,29.0,33.3,21.4,32.4,15.3,11.0,20.6,15.0,127.0,108.0,90.8,92.4,100.3,56.5,36.8,29.3,37.5,36.3,23.4,16.7,42,81.8,175.3,1
72,93,368,35.0,23.7,29.0,15.4,23.6,11.5,9.6,16.6,11.6,93.3,75.8,62.6,72.9,87.4,54.0,26.4,21.8,34.5,33.0,20.7,14.4,19,50.2,162.2,0
73,327,15,41.0,26.8,32.2,21.9,28.6,14.9,10.6,17.8,14.0,107.5,101.5,78.0,89.5,95.0,57.0,36.0,29.0,34.5,35.0,22.0,16.5,23,71.0,174.0,1
74,6,321,36.9,26.4,32.4,16.6,26.0,12.6,10.5,18.9,14.4,100.1,85.6,62.7,74.0,96.0,61.5,28.0,23.6,35.4,38.5,21.3,15.4,22,59.3,152.0,0
75,108,482,34.9,31.3,31.7,20.9,31.5,13.0,9.6,17.8,13.7,115.6,109.0,94.2,110.5,103.5,57.8,35.7,25.6,34.8,35.5,19.5,15.0,37,81.8,162.6,0
76,59,380,35.2,24.4,29.8,15.1,26.0,13.0,9.2,17.3,12.2,103.9,82.5,66.1,74.9,93.8,54.2,27.8,24.0,35.3,33.7,22.0,14.6,23,54.8,160.0,0
77,190,339,37.8,28.6,30.7,17.3,25.4,11.8,10.6,18.8,13.3,96.8,80.2,67.2,78.3,95.5,54.7,27.0,22.2,36.0,35.4,22.2,15.6,28,58.2,169.0,0
78,315,43,37.8,27.1,31.5,18.5,27.3,14.6,10.8,19.5,14.9,112.9,96.3,79.1,78.3,97.1,60.1,35.5,28.8,36.9,38.2,23.4,16.7,24,73.4,172.7,1
79,164,317,36.9,26.9,31.9,16.1,25.2,13.4,10.0,18.8,14.3,95.6,82.6,65.4,74.8,89.3,53.7,26.4,23.8,34.0,33.7,19.1,14.7,44,55.7,167.6,0
80,58,281,36.6,28.2,32.0,14.3,26.0,11.8,9.9,18.0,12.7,95.0,80.0,66.0,78.0,92.0,52.5,25.0,22.2,33.0,34.8,20.5,14.4,25,54.4,160.0,0
81,97,440,34.9,27.3,32.2,17.7,25.4,12.6,9.0,17.4,12.2,87.0,72.6,58.0,82.9,90.2,52.5,23.1,21.0,35.5,36.4,20.3,13.0,37,53.9,162.6,0
82,446,173,42.3,26.8,32.0,25.4,28.7,15.0,11.2,18.4,14.4,122.3,104.3,88.4,89.6,98.8,54.8,35.5,29.7,37.7,37.0,23.7,18.3,26,79.5,182.9,1
83,270,93,41.2,27.1,29.8,20.1,31.0,12.9,11.6,18.8,13.5,116.0,104.6,81.5,85.0,92.0,54.1,33.0,28.0,35.1,35.2,21.1,16.3,26,70.5,165.1,1
84,498,141,43.6,28.0,32.4,27.5,33.5,14.6,11.7,21.4,15.1,128.8,115.0,95.6,101.9,107.9,64.6,37.1,30.0,41.8,39.6,24.7,18.2,22,108.6,190.5,1
85,318,150,40.5,26.8,30.6,21.4,32.4,15.0,11.8,20.4,15.8,119.7,110.5,85.0,83.5,95.7,59.0,39.2,29.9,37.9,37.7,23.8,17.1,29,84.1,172.7,1
86,145,466,35.6,30.2,32.9,21.8,26.8,13.0,11.0,20.6,14.3,115.2,105.2,88.2,106.5,107.9,63.1,30.3,25.2,39.2,38.4,23.1,16.4,26,86.3,165.1,0
87,443,54,40.3,28.0,32.0,20.9,31.7,14.8,10.6,19.4,15.0,126.7,109.1,85.9,90.4,100.9,61.3,40.1,30.0,36.8,38.6,21.9,16.4,25,87.1,182.2,1
88,390,121,42.1,28.5,33.1,20.2,30.6,15.6,12.2,19.7,15.6,121.9,104.1,82.5,90.1,98.4,57.7,37.9,31.6,37.8,38.3,24.6,18.1,21,79.5,177.8,1
89,347,189,42.1,29.7,32.9,24.9,30.8,15.3,11.5,19.2,14.6,120.2,109.8,90.5,92.3,95.2,52.4,35.8,28.7,32.5,36.5,23.7,17.5,60,73.6,175.3,1
90,308,167,39.8,34.7,34.7,23.5,30.2,14.8,10.6,20.6,14.3,115.5,106.7,93.9,111.8,111.4,62.8,36.2,29.7,42.8,39.3,23.5,16.8,38,91.4,171.4,1
91,312,49,38.9,24.9,28.7,19.7,26.8,14.2,10.2,18.0,14.4,113.3,100.0,79.7,87.1,98.4,61.1,36.3,28.6,34.5,36.1,21.4,16.3,25,74.9,172.1,1
92,352,128,40.5,29.7,31.7,22.1,32.6,15.2,11.3,21.2,15.2,127.3,110.7,94.7,92.0,101.3,60.1,37.2,30.9,40.5,40.0,24.2,17.6,34,90.9,175.3,1
93,153,287,35.8,26.4,32.2,17.3,24.9,12.7,10.4,18.9,14.0,100.3,85.3,65.5,74.4,95.9,53.7,27.8,23.9,35.6,33.4,21.9,15.2,21,56.6,166.4,0
94,469,183,40.1,26.4,32.0,21.4,32.6,14.8,12.0,20.0,15.2,121.6,107.5,89.2,88.4,107.0,56.9,35.6,28.5,37.0,37.6,23.0,17.5,22,84.1,185.4,1
95,199,326,38.8,27.2,33.4,17.2,31.6,12.9,11.0,18.2,13.4,110.5,96.2,78.5,93.4,103.0,59.6,30.2,25.9,37.0,35.2,23.2,16.2,41,70.6,170.0,0
96,264,55,37.6,26.6,29.9,17.3,25.6,12.8,10.0,17.0,13.0,103.3,88.8,73.3,77.9,85.7,46.9,30.5,24.8,31.1,30.5,19.0,15.0,24,55.2,164.1,1
97,413,99,44.2,27.9,32.0,21.6,32.9,14.3,11.0,21.1,14.9,115.0,107.2,88.8,86.8,100.0,61.0,34.6,27.9,38.0,39.4,23.2,17.0,24,84.5,179.8,1
98,478,5,42.5,29.9,34.0,21.5,29.4,15.2,11.6,20.7,14.9,107.5,97.5,80.0,82.5,98.5,55.4,32.0,28.4,37.7,38.6,24.4,18.0,22,78.8,187.2,1
99,386,117,40.9,28.5,31.3,21.1,29.7,14.3,11.7,19.0,15.6,116.7,102.9,75.9,77.0,93.4,55.0,35.2,28.7,37.0,37.7,24.5,17.3,37,75.5,177.8,1
